R=4;
L=2.75E-6;
J=3.2284E-6;
kt=0.0274;
ke=0.0274;
b=3.5077E-06;

